8 13.660387322024267 1.0 1.0 0.989219293621987 0.15 0
6 8.15563667486804 0.42463054913034354 0.8522197170679847 0.0 0.9 1
6 8.659802363781512 0.46001554940958417 0.7312436071625129 0.0 1 1
2 8.63275445155944 0.15272743105277453 0.2831696971030564 0.9358943134559222 0.9 0
7 2.739793262232421 0.09101183764257284 0.988487452203289 0.0 0.9 0
5 5.187743300520207 0.15519563240767928 0.7139340595798114 0.0 0.9 1
4 5.742772907114982 0.15096250629008184 0.6153843035083347 0.0 0.9 0
1 7.150873306060975 0.05758504122092225 0.12111405609701657 0.8931240020805568 0.5 0
3 5.169479439437392 0.09251454958356074 0.461233662873066 0.0 0.9 0
1 6 0.02745810248805913 0.1716914228104495 0.989219293621987 0.15 0
36 6.649302159150729 1.0 0.25 0.8733135286048131 0.7 1
16 3.1945794787542736 0.13622574845744462 0.9999999999999999 0.6200118307200877 0.9 0
11 4.519603756026409 0.1485879162705784 0.6841450859990992 0.7458467107774622 0.9 0
15 3.218005357299643 0.12880308014463934 0.9603801418171712 0.0 0.9 1
10 6.522654752149355 0.26770370871598503 0.5815567896803499 0.0 0.9 1
7 4.525709976826601 0.09475749123473641 0.48591724874678094 0.0 0.9 0
7 3.981414796559713 0.07851076407170096 0.47791029306190874 0.0 0.9 0
6 4.513435656285761 0.08087387015000123 0.40929996091080884 0.0 0.9 0
14 3.597277352263355 0.13751621480843867 0 0.6626423773305832 0.5 0
9 4.710141649071585 0.1299581281334882 0.5404116383589666 0.0 0.5 0
6 7.0281032581059435 1.0 0.7902057457128979 0.8885635345887134 0.9 1
7 3.2260446534054807 0.3265012167579456 1.0 0.6234861033675188 0.9 0
4 6.993521409769612 0.6608019606217618 0.4853674546501064 0.8872462403998641 0.5 0
2 10.249711196407567 0.5559425316189125 0.13898563290472812 0.8885635345887134 0.85 0
4 7.916468802343096 0.8093973913913561 0.5683371254161974 0.0 0.5 0
4 6.594529996483402 0.5923469397816167 0.5416266630292802 0.0 0.9 0
2 7.617754488341886 0.3816761342453364 0.3007927086714622 0.6234861033675188 0.9 0
5 5.3149658191926905 0.48452999953982306 0.478434421878525 0.0 1 1
1 9.79515647810288 0.2645847095409367 0.18019972974502738 0.8885635345887134 0.5 0
1 5.310649594514366 0.09675760542927525 0.1518462626921404 0.80261434582504 0.9 0
31 5.423985711402685 0.9376861883804672 1.0 0.8097551403543666 0.9 1
27 6.010422626484112 1.0 0.8631699924655788 0.8431226399995947 0.9 1
12 9.8827123691272 0.9628740343209801 0.24071850858024502 0.9586434447520953 0 0
11 6.554015403761673 0.4834168979063338 0.12085422447658345 0.8691815609095515 0.7 0
10 3.8349655634962048 0.17345924837593674 0.33506109351237706 0.685964647482826 0.9 0
6 7.108898906991523 0.30644674165030644 0.21544293183248556 0.0 0.9 1
1 12.329152738087403 0.10103286455530461 0.06347794239012437 0.8691815609095515 0.35 0
7 5.720617537193417 0.234934587371052 0 0.8273605100595453 0 0
10 6.530346002142049 0.43640907742556007 0.10910226935639002 0.0 0.35 0
2 10.7981864410948 0.1764077718843386 0 0.8691815609095515 0 0
3 6.64332930815168 1.0 0.7206670188001015 0.0 0.9 1
3 6.352035912045469 0.9166506426215342 0.7068393789935804 0.0 0.9 1
3 4.655991049304575 0.5109160439105722 0.6550553755271902 0.7565417515789125 0.9 1
2 8.486661833061945 0.989359128887054 0.3823732873997785 0.0 0.9 0
2 7.937970035222708 0.9017812797048925 0.42942411909462175 0.0 0.9 0
7 4.074972323263988 0.9745974247404883 0.24364935618512207 0.0 0.9 0
4 3.6761693862297546 0.48541462097285865 1.0 0.0 0.9 0
2 5.380237408524854 0.44022485305870124 0.398978626514594 0.8070265671562149 0.9 0
2 5.093710329509303 0.39761371566719206 0.3924650309675351 0.7882782626423498 0.9 0
1 7.470071916171119 0.4104887359050594 0.28724702406706365 0.7565417515789125 0.9 0
25 6.120562711990775 1.0 1.0 0.8487600184916122 0.9 1
1 7.4240177318205625 0.05726596138301265 0.03286465770542868 0.9026459421491336 0.9 0
1 6.537923970549022 0.045554275182733917 0.041024291022756926 0.8684715235482559 0.9 0
1 6.350458059032179 0.04303832313362338 0.03719938150395335 0.8599317021410904 0.9 1
1 7.789074685571413 0.061773448607721666 0.0549002342201674 0.8487600184916122 0.5 0
4 6.786262695453739 0.1955963071459883 0.1605876389468149 0.0 0.9 0
5 5.345327800457439 0.1531878227766461 0.21361301757016965 0.0 0.9 0
6 5.983516377258808 0.22937806243689463 0.24963706712767353 0.0 0.5 0
3 14.507685182411471 0.37175186942481503 0 0.0 0.5 0
4 4.75572813425121 0.09942536917937406 0.16657575915061026 0.0 0.9 0
26 6.010422626484112 1.0 1.0 0.8431226399995947 0.9 1
16 6.554015403761673 0.730196153480896 0.182549038370224 0.8691815609095515 0.7 0
14 7.108898906991523 0.7425440278449732 0.5741499606798737 0.0 0.9 1
14 4.550340957084631 0.32286077790523965 0.535249156696453 0.7482915246779165 0.9 0
14 5.423985711402685 0.4397585349972911 0.5538947384648888 0.0 0.9 1
4 3.7238795584600046 0.06934259821964535 0.1657035474897345 0.6752322122333794 0.9 0
5 8.880064068720833 0.3681253197999304 0 0.9411944810766768 0 0
6 9.106510430423725 0.4554139292327927 0.24417951283672076 0.0 0.5 0
2 3.216749767627087 0.02899388762625143 0 0.6224623413578511 0.5 0
1 10.7981864410948 0.0915963430937912 0 0.8691815609095515 0 0
65 6.793528445092461 1.0 0.09086339930161981 0.8793367099810904 0.9 1
41 5.081333298424678 0.35909528438261934 1.0 0.7874332714492965 0.9 1
25 7.7258711267871805 0.47892162983262987 0.6365360657015043 0.8793367099810904 0.9 0
27 3.1979433825832673 0.12242342275444495 0.7079790345877374 0.6203844293666214 0.5 0
8 7.015482139792729 0.1305229813158212 0.16432991947576667 0.7558864582192457 0.9 0
30 4.647487945974208 0.2254030328812125 0 0.7558864582192457 0.9 0
3 8.259964732539077 0.06332531197873864 0.0869172484857731 0.8793367099810904 0.9 0
6 9.427316550300539 0.14933192106098825 0.1466854661723751 0.8793367099810904 0.5 0
4 7.161567451397058 0.06767793551007802 0.11014857060189018 0.7558864582192457 0.9 0
23 2.786503771954623 0.08927476566098569 0.625140678663135 0.0 0.9 0
19 5.458550876625167 0.9999999999999999 0.9292791195095742 0.8118864953951819 0.5 0
21 3.218005357299643 0.5041354888868851 1.0 0.0 0.9 0
3 6.941201649739847 0.25237635202356107 0.1829300002276975 0.8118864953951819 1 0
7 6.803399160095783 0.5675723403774378 0.28658819505524563 0.0 0.9 1
4 4.601218737849822 0.15542595710465948 0.2170467583626204 0.7522940518782745 0.9 0
1 7.619622536775069 0.09854602293708643 0.051102370499414046 0.9089642763528111 0.9 0
2 6 0.0845885606659811 0.11546662292679073 0.7807943410015803 0.9 0
1 5.081333298424678 0.046035069649463495 0.06798199440731645 0.7807943410015803 0.9 0
1 4.985567864979462 0.0444956562913751 0.04461163496476917 0.7807943410015803 0.9 0
7 3.69756000636267 0.1990384564112942 0.3448396888172467 0.0 0.9 0
25 4.764395725181674 0.8607237691967865 1.0 0.0 0.9 1
12 7.671425905134403 1.0 0.25 0.9105710778244447 0.5 0
4 7.249625206498445 0.3039685442316545 0.18364577600445406 0.9105710778244447 0.9 1
3 6 0.10616485011443341 0.0541964609477899 0.8425793256589295 1 1
1 4.326509076709336 0.029548753233140414 0.03588912355129284 0.7300206776436741 0.9 0
9 3.257866257326982 0.18340364693248998 0.3531675626850402 0.0 0.9 0
4 5.48961569808291 0.17809246639020085 0.17113600625856812 0.0 1 0
4 7.782451480225955 0.34077087498251835 0.16657742037023038 0.0 0.5 0
5 2.8994813563249444 0.0891905067868102 0.19551900717531442 0.0 0.9 0
2 6.354815155772222 0.11902352036226509 0.09129845844079894 0.0 0.9 0
26 2.5512711938512616 0.507734692316511 1.0 0.543584014054171 1 0
8 7.111043187182097 0.7402308705669374 0.3407508483936206 0.8916640934648067 0.9 1
9 7.969545358643801 0.9999999999999999 0.35828822443215713 0.0 1 0
6 7.392644768049582 0.5931954378694317 0.22095258192621303 0.9015945738743355 1 1
8 8.190219698549571 0.9241111320797636 0.28155319607320656 0.0 0.5 0
2 5.947145186491867 0.13131597982109963 0.07567167224066298 0.8397975172340338 0.9 0
1 8.706574363794708 0.12525619722118872 0.05149840960857692 0.543584014054171 0.85 0
1 7.071952220845777 0.09163394373785343 0.05992055126893758 0.543584014054171 0.9 0
2 7.561992064088941 0.20513914279407855 0 0.9071444369781512 0 0
4 5.345327800457439 0.2130571920200145 0.16666599959076814 0.0 0.9 0
9 7.607626110063804 0.9999999999999999 0.24999999999999997 0.9085882773913708 0 0
7 4.894561071765026 0.3408820768895785 0.866638297602507 0.7743175018368563 0.9 0
15 4.277823830312575 0.5887609392559938 0.14719023481399846 0.7259013363429552 0.9 0
5 7.3655167598568925 0.5271866779665704 0.687312605028226 0.0 0.9 0
10 4.83841266112888 0.47740066822939536 0.11935016705734884 0.7702386647558125 0.9 0
8 4.209170137991247 0.3066537138483283 1.0 0.0 0.9 1
3 5.3051921873801975 0.1690314335421416 0.3497463598205477 0.8022645459291841 1 0
3 4.607988138116661 0.1320716987364754 0.3403819346795157 0.7528224581780907 0.9 0
4 6.558476028601173 0.34197887351289136 0.5143896452939399 0.0 1 1
5 5.400707323430441 0.2914257861855773 0.6454569332488953 0.0 0.9 0
3 12.538244535945964 0.5433250452109663 0.6444249590923166 0.9838962852057812 0.9 0
11 7.149279002699413 0.9999999999999999 0.24999999999999997 0.8930659237632406 0 0
4 8.848202966651849 0.4975889027358661 0.9999999999999999 0.0 1 1
4 9.71327299678485 0.5549303482723321 0.13873258706808303 0.8930659237632406 1 0
3 10.537393268859349 0.45453235299756956 0.7937039769539794 0.0 1 1
3 11.528760027173862 0.4989531326045349 0.5438932537058948 0.0 1 1
3 8.837229711871336 0.3726194628695493 0.5577982880658784 0.0 1 0
3 5.751553833782382 0.17935486117268645 0.4327245131954697 0.829109166369455 0.5 0
2 4.826341680856468 0.08624232077604911 0.4879591620211734 0.7693534461071853 0.5 0
2 8.568830585575785 0.23890804065290996 0.5020264265313694 0.0 1 0
5 7.91967613613496 1.0 0.5991234398634584 0.8783427042818981 1 1
5 6.769269684195153 0.7685684689548843 0.5541539246305127 0.8783427042818981 1 0
4 8.013931342559784 0.8139099880888868 0.46376572200394134 0.9205329308485404 0.9 0
9 4.035211594436941 0.5501259664800426 0.9999999999999999 0.0 0.9 0
8 4.5584119747262095 0.586026874138519 0.9272403305678736 0.0 0.9 1
4 7.744377807795207 0.7735756231359169 0.5450373030396252 0.0 0.5 0
5 5.994533480154953 0.6059179070621518 0.5632188314010833 0.0 0.9 0
5 5.898125533632864 0.5865938570502962 0.5697097300896293 0.0 0.9 0
4 7.7616648266149 0.7762136155963195 0.504985262460397 0.0 0.5 0
8 5.613563541029258 0.8508768243432343 0.21271920608580858 0.0 0.65 0
3 8.656441016078809 0.8767213882827616 0.5005167140183596 0.9364213256437831 0.7 0
4 7.740150284204653 1.0 0.8354305432270616 0.0 0.9 1
3 7.47682770629535 0.7101519910600625 0.5721750850129433 0.9043916719290226 0.9 0
3 6.353951804958367 0.5281444496515605 0.5563782794751932 0.8600954462999141 0.9 0
3 5.970231951987873 0.4665486947355679 0.6001043236813118 0.8410180779283566 0.9 0
3 5.423456180592422 0.3861025384219121 0.5392198670017472 0.8097223210018244 0.9 0
5 4.701516492399372 0.49823031776340565 1.0 0.0 0.9 1
4 4.394463585471066 0.35806982769806234 0.8730291001204026 0.0 0.9 0
3 5.918295368115841 0.4584700973948168 0.6559925556418548 0.0 0.9 0
1 9.99316936469151 0.3456499849411914 0.21943112129277975 0.9602236356922775 0.5 0
14 8.024577830954271 1.0 1.0 0.0 0.9 1
4 12.256393383804975 0.4629719446473278 0.30120920766386455 0.9821918381655457 1 1
9 5.466927847781054 0.3185379169886621 0.7179171323549501 0.0 0.9 1
4 4.655991049304575 0.10622919811045198 0.31225724402009275 0.7565417515789125 0.9 0
8 8.990901854100334 0.6636313364023405 0.19788294776640733 0.0 0.5 0
2 9.247589028683631 0.17155572522338433 0.1639886586125156 0.9482938228221636 0.5 0
7 4.690690959256627 0.18817903407980635 0.5918431892294108 0.0 0.9 0
5 4.77965281425202 0.13868789545326954 0.4404667861141437 0.0 0.9 0
1 6 0.02835758019255981 0 0.9821918381655457 0.5 0
2 7.422341753774626 0.12668807177269728 0.17109235044090496 0.9025900473844473 0 0
11 7.10543693428424 1.0 1.0 0.0 0.9 0
6 11.175480672236267 0.9769820221915484 0.5992542257002841 0.0 1 1
8 6 0.35067338924565633 0.7043000597176471 0.8425793256589295 0.9 1
9 6.381856974724616 0.6690011900340004 0.8307226760259956 0.0 0.9 0
9 5.943799263003251 0.5807289005006435 0.8533032509056642 0.0 0.9 1
4 10.657537580701412 0.61995805648971 0.3804383188052629 0.0 0.9 0
8 4.7517989701911105 0.3396567368001843 0.8017389057225317 0.0 0.9 0
5 7.9516173058570265 0.5447943202260327 0.46071894682308606 0.0 0.9 0
5 6.991251879495838 0.441637241435325 0.49440946843848543 0.0 1 0
8 4.601218737849822 0.32216972794857274 0.720285446897006 0.0 0.9 0
17 3.13067108281258 0.9271862108381024 1.0 0.0 0.9 1
11 4.442972036376122 0.9487002162795166 0.6551295118664066 0.0 0.9 1
7 4.582126336120033 0.6337218442230141 0.4406508931677304 0.7507985084194991 0.9 1
4 8.027385029429112 1.0 0.25 0.9209017002400871 0 0
6 5.9906253332182455 0.8900266681795532 0.2225066670448883 0.0 0.9 0
5 5.811927483078991 0.6981666533647795 0.31012603033514735 0.0 0.9 0
5 4.51855524508362 0.44272300388499175 0.11068075097124794 0.7457629562198991 0.9 0
2 7.273027117824271 0.4283907435596823 0.10709768588992058 0.8974863896129006 0.65 0
12 4.3000948679278475 0.9849456198411113 0.24623640496027782 0.0 0 0
2 9.38570730097984 0.6105553850697477 0.14486699741907821 0.0 1 0
12 5.906763775464521 0.35909019732651115 1.0 0.8376420336760749 1 1
22 7.370936827326232 1.0 0.12149265364909537 0.0 1 0
10 7.680778491292655 0.4856355731432329 0.5972494454180324 0.0 0.9 0
3 6.83710119966858 0.11947356439318786 0.24432299434360208 0.8811030467514621 1 0
3 6.398359983719708 0.10525060572110558 0.24920737047094638 0.8621613864647604 1 0
4 7.213421114170723 0.1752969480101641 0 0.9551998309934838 1 0
6 2.5499585182207043 0.054103238517526284 0.5075939704343763 0.5434175283976576 1 0
9 4.209170137991247 0.14854304863732512 0.6672079889032456 0.0 0.9 1
10 5.213662580020734 0.23483947488546492 0.752695216030505 0.0 0.5 0
6 2.5512711938512616 0.054133146944991536 0.574268702116238 0.0 1 0
13 9.8827123691272 1.0 0.766163765977513 0.9586434447520953 0.5 0
7 8.809473752804724 0.47110414583383625 0.3730916374795548 0.9397265482907928 1 0
18 3.383876687548377 0.2557742411696147 1.0 0.6405452418676448 0.9 0
5 9.400730117309537 0.36362282883865615 0.3172856395381741 0.9397265482907928 0.9 1
6 11.218040286655063 0.5278142885642227 0.33058731729813917 0.9742241944127367 0 0
12 6.3887332540140775 0.4810358637406308 0.1202589659351577 0.8617159473342056 0.5 0
6 5.198253907791057 0.16059030608311647 0.3805110887417278 0.7952980672460332 0.9 0
6 9.479428286965396 0.44053009121272524 0.3960856366184402 0.0 0.9 0
6 2.5499585182207043 0.06200115290087413 0.39462817576368286 0.5434175283976576 1 0
1 9.848974229495349 0.07663422055882917 0.09314779439223277 0.9397265482907928 0.65 0
6 5.364607037494456 1.0 1.0 0.0 0.9 1
2 5.455852189129987 0.3442743365127048 0.3245868186723131 0.8117208622139469 0.9 1
2 3.3512799114496006 0.16489147899296872 0.32789412643735066 0.6370722009100581 0.9 0
1 10.261573731717387 0.4703128318749532 0.1959557495967517 0.0 0.9 0
2 5.395692933453064 0.33702556426010893 0 0.8079944955881073 0.5 0
2 4.337509393927797 0.23210624180200073 0.34552442704370784 0.0 0.9 0
2 7.017434992972984 0.5617569905460144 0.1404392476365036 0.0 0.35 0
1 6.902790701599851 0.2726339834685139 0.21263443920320274 0.0 0.9 0
1 6.53671453681966 0.24603610385592903 0.20984950299901883 0.0 0.9 0
1 5.9815652861787125 0.20641553170495122 0.20930768345034706 0.0 0.9 0
53 5.359291138654274 0.9999999999999999 1.0 0.8057078165803101 0.9 1
25 3.7991327291898624 0.2733723072101836 0.5019743199367762 0.682534598018689 0.9 1
11 3.879592157748108 0.12366409696890689 0.18615759272333698 0.6901942297933165 0.5 0
30 3.1030950237749737 0.2564043095493168 0 0.6097712333717957 0.35 0
13 3.7736027770014773 0.14090716144495732 0.2361558970989362 0.0 0.9 1
16 2.0951662794059223 0.0894740996430491 0.310194623486262 0.0 0.9 0
7 5.407941231777315 0.1343718811471859 0.13873990349541454 0.0 0.9 0
9 3.8122765780523795 0.09886099564059879 0.16313310356796673 0.0 0.9 0
6 3.7238795584600046 0.06392656452857164 0.12632175281790128 0.0 0.9 0
3 15.60629747107958 0.24507733099606555 0.06785832846659573 0.0 0.5 0
11 10.405041817374675 1.0 0.42498291090235407 0.9656107763466992 0.9 1
25 4.787870098740253 0.6467119264818478 1.0 0.7665123422589801 1 1
25 4.877133409757855 0.6674264021290806 0.16685660053227014 0.7730582992274462 0.7 0
13 6 0.3428124621280539 0.5397267015553889 0.7665123422589801 0.9 1
21 2.849812690157939 0.2738314581092862 0.9003567984016468 0.0 0.9 0
13 3.2839384649080703 0.19926822732033042 0.540583219608273 0.0 0.9 0
6 9.376800760163638 0.4863691526255585 0.2103131847858544 0.0 0.65 0
7 5.359291138654274 0.22177753089135221 0.32370994046055734 0.0 0.9 0
1 6 0.026370189394465685 0.06934859553404493 0.7665123422589801 0.65 0
1 8.853443153315405 0.07570152548636155 0 0.7730582992274462 0.5 0
11 8.209962177278772 1.0 0.2983388761655097 0.9257466669218724 0.9 0
11 5.8278347377312985 0.5440398059540636 1.0 0.8333524651215868 1 1
4 5.018274714832071 0.14877880575182445 0.3749072383642807 0.7830819405458385 1 0
8 5.097483533372936 0.30605079399062246 0.7530362338711765 0.0 0.9 1
4 6.418867550686503 0.23975151233601047 0 0.8631058668023184 0.9 0
6 6 0.20967875652770157 0 0.8425793256589295 0.9 0
4 9.313802834000317 0.42636275731141926 0.22607350787210062 0.0 0.9 0
6 4.394463585471066 0.17924942506394226 0.6098757034917547 0.0 0.9 0
1 5.6718928159087305 0.04686740382887719 0.1219866913364959 0.7830819405458385 0.9 0
5 5.301419768477317 0.2056647146613019 0.48951984032389223 0.0 0.9 1
10 9.499274583337327 1.0 0.823375960364088 0.9526667766636832 0.9 1
10 5.273546906920828 0.37353728953673265 0.7989405777368489 0.8002253027590223 0.9 1
12 3.5746169039188707 0.24776283473166358 1.0 0.0 0.9 1
10 6.085865506138531 0.4946263347388797 0.12365658368471992 0.8470044540555353 0.5 0
7 6.641218455671226 0.41100552532927787 0.5951443112318695 0.0 0.9 0
8 3.3598389261047874 0.15314594637229714 0.6739764803804179 0.0 0.9 0
2 5.7998165364856025 0.08985549873273958 0.14345295410084163 0.831805134823931 0.5 0
1 3.0425451365360994 0.017055651599834944 0.0909768252087022 0.6028791919172989 0.9 0
10 4.852071554909533 0.321624372546435 0 0.7712367652674456 0 0
4 7.556072520365557 0.29478338223293366 0.35637052815318654 0.0 0.5 0
14 6.881439915197593 1.0 0.25 0.8828755476901047 0.5 0
14 5.043090264096025 0.5484199474649148 1.0 0.0 0.9 1
7 10.318030440385044 0.8725457321361211 0.2634283591866784 0.0 0.9 1
5 10.045615840064052 0.605556099941912 0.151389024985478 0.8828755476901047 0.5 0
2 9.765655813706182 0.2348270571417591 0.17302836820804593 0.8828755476901047 0.5 0
3 4.398695443069205 0.09370048576087472 0.2138913169539644 0.7360322096417139 0.9 0
1 7.182865659477817 0.07710539064471923 0 0.9659876817294397 0.9 0
8 2.739793262232421 0.1381971284160497 0.6237581875209464 0.0 0.9 0
5 6.073583786861686 0.2803665220475185 0.3880795670102048 0.0 0.9 0
8 3.2260446534054807 0.16614274785257047 0.5700997982115418 0.0 0.9 0
11 10.43865842817366 1.0 0.7946316228400313 0.9660174171011426 1 1
13 5.117080924750799 0.3766134356796312 1.0 0.7898657216155361 0.9 1
11 6.13209395851217 0.4529098090505903 0.11322745226264758 0.8493393549618291 0.9 0
10 8.546250381755184 0.7214474851472089 0.3413530454345549 0.0 0.5 0
5 11.256019534720279 0.49173556147453035 0.417343897527717 0.0 0.9 1
4 8.237642377101178 0.27473177893101364 0.35216885380977614 0.7898657216155361 0.5 0
6 9.21103587296413 0.47475235960527756 0.5117359176734195 0.0 0.5 0
1 7.969304191393144 0.06553657953682296 0.10500655892190697 0.7898657216155361 1 0
1 8.078234557714456 0.06682984596402602 0 0.9222807324121787 0.5 0
1 1 0.004380009084512727 0.10072976276029391 0.8493393549618291 0.5 0
4 11.694274465651434 1.0 0.8893770798159737 0.9782410630102485 0 0
5 6.657516687409607 0.5911753971976025 1.0 0.8736639858848819 0.5 0
4 6.155327326781912 0.405644838061419 0.8908101253203554 0.8505004258527682 0.65 0
4 5.59409005182921 0.33538990919275524 0.7805370432740563 0.8200388969888682 0.9 0
4 4.489552846719462 0.227055345605598 0.7686557125591863 0.74343689758063 1 0
4 4.73100879674173 0.24707923538887233 0.7817089673325373 0.7622575807438632 0.5 0
2 12.802937090173046 0.5480173264982755 0.4907597749515515 0.8736639858848819 0 0
4 3.0719755910444055 0.13824754997748126 0.7795153212407219 0.6062404669152863 0.9 0
4 4.3869782585811015 0.21910525048155163 0.7798084438719682 0.7350642025272232 0.5 0
4 6.555070070760471 0.45909582177858405 0.7271056662454344 0.0 0.5 0
8 11.27556413079325 0.9999999999999999 0.30062420496660963 0.9747458150962685 0.65 0
7 4.795388402138362 0.22956552475993192 1.0 0.7670699418221044 1 1
2 11.28880935754327 0.2503020301892077 0.25374397935203075 0.9748644377239565 0.9 1
3 11.128960656601373 0.36997609188489333 0.49439113484096575 0.0 0.85 1
1 7.588166036509091 0.07718289518629586 0.12041183324764095 0.9079752022003231 0.5 0
2 6.740703472176856 0.12564790617813487 0.35682094177572954 0.0 0.7 0
2 9.672726902390501 0.21234554227463828 0.33675287449721636 0.0 0.5 0
3 4.948308970293839 0.10385267561008155 0.47403614828797175 0.0 0.5 0
1 10.12774405422861 0.11166896273853644 0.19391761548247582 0.0 0.9 0
1 7.410549982267932 0.07428475972406347 0 0.9021959239457162 0 0
22 4.598613251581442 0.9397119498769214 0.23492798746923035 0.7520904142935727 0 0
5 10.773991712507742 0.832125474303156 0.5577668430136336 0.0 0.7 1
5 7.922433490823151 0.5752600924253216 0.5562186061456771 0.0 0.9 1
7 6.120259049054298 0.50839606474756 0.8328051970225769 0.0 0.5 0
4 6 0.1861427105655679 0.41105857458261125 0.8425793256589295 0.9 1
17 5.502934994168597 1.0 0.25 0.0 0 0
8 2.8647407361175072 0.18515812809885862 1.0 0.0 0.9 0
2 8.107150920491886 0.23788195248812696 0.17395375990332498 0.9230546201591902 0.9 0
9 6.629782498764468 0.7647197719503265 0.300744688819337 0.0 0 0
7 3.8521213817861097 0.2309990341768732 0.8340713389636386 0.0 0.5 0
11 4.655991049304575 0.8309529068767852 0.9999999999999999 0.7565417515789125 0.9 1
5 6.109726078918931 0.6272828430618491 0.44208822074609777 0.8482137161202981 0.9 1
8 5.325658554749895 0.7660957931072264 0.1915239482768066 0.8035735250898577 0.5 0
3 12.407624353528899 1.0 0.31205161732275594 0.0 0.5 0
3 11.929996799172503 0.9610216581286795 0.3132574776548746 0.0 0.5 0
3 5.644824069344799 0.3214869976231693 0.23892708249404776 0.8230076831072497 0.9 0
1 9.599944311477847 0.25468414822443175 0.1442366128286428 0.7565417515789125 0.9 0
9 1.7110311696889942 0.20982451511072225 0.8975979648015909 0.0 0.5 0
1 9.345760440768988 0.24700646533798618 0.12180819574064766 0.8482137161202981 0.5 0
3 5.9815652861787125 0.36075198442200385 0.3124689164034201 0.0 0.9 0
9 8.975614085437208 1.0 0.873288711232969 0.9975831692245957 0.9 0
10 7.540089903073317 0.8721890315137941 1.0 0.9064437812354874 0.9 1
6 8.016708771437772 0.5744143062457445 0.14360357656143613 0.9206091957212633 0.9 0
2 8.284447757291224 0.20049803366388202 0.224349906496828 0.7503494096067211 0.9 0
4 7.9516173058570265 0.37843788130571965 0.43051022977570463 0.0 0.9 1
2 4.576412243867406 0.06933130272391921 0.18268198991445864 0.7503494096067211 0.9 0
1 1 0.006343568263282931 0.13471898765257526 0.9206091957212633 0.65 0
1 4.298773875947404 0.03147740113195458 0.07469919222166915 0.7276803984263766 0.9 0
3 8.793952376902102 0.3250618907316204 0.3594054609407676 0.0 0.5 0
3 4.7517989701911105 0.11059705046623086 0.3385373159154957 0.0 0.9 1
13 5.498665717239025 0.9759465080910734 0.9791563489460557 0.0 0.5 0
14 2.721889297944673 0.3914860101827218 1.0 0.5648587482890788 0.9 0
7 7.770520537347589 1.0 0.4304179255820839 0.0 0.65 0
5 9.573211249280778 0.9360705609278422 0.3564414512865469 0.0 0.5 0
7 4.433541067574854 0.36079751211375555 0.500065017059151 0.7388932466504881 0.5 0
3 9.533252936979176 0.5589914769847909 0.2309895553746411 0.0 0.9 0
3 8.88186424922498 0.5142784195387577 0.24331975491535032 0.0 0.9 0
4 6.853636978660301 0.4623696219916677 0.30996915778024997 0.0 0.9 0
2 7.036701600870295 0.2425056764370983 0.1773876862323724 0.5648587482890788 0.9 0
2 6.952739405142826 0.23733104738597072 0.17452562110841144 0.5648587482890788 0.9 0
12 8.289417123157792 1.0 0.9265490225638754 0.927764880072051 0.9 1
9 8.508748620464788 0.776605212790932 0.6360407759585921 0.99747881428407 0.9 1
7 8.366006264012036 0.5906364344678552 0.5431108819686461 0.9296602566362726 0.5 0
13 2.739793262232421 0.19459919955160898 1.0 0.567049210396 0.9 0
11 4.736149318508538 0.3349700535608226 0.7717424146443055 0.7626449716696629 0.5 0
8 8.897603072895695 0.7304801308529436 0.610556039163622 0.0 0.5 0
20 5.265216496683766 0.7346816524930366 0.18367041312325916 0.7996853853373359 0 0
12 3.5746169039188707 0.2443751261254343 0.9279529159480322 0.0 0.9 0
10 4.607988138116661 0.29112472308662396 0.7773708162132924 0.0 0.9 0
8 5.275289819654456 0.29492646391356775 0.6224084121428505 0.0 0.5 0
4 8.720787801044763 0.8941902981571718 1.0 0.9378319340357771 1 1
3 12.61056519752559 1.0 0.7740883721549442 0.984306894286312 0 0
3 9.78177337872725 0.7675576440410579 0.9251642192832242 0.0 0.9 1
3 8.586106762767654 0.6574648063351054 0.9287299973411776 0.0 1 0
3 3.8349655634962048 0.16781806186168377 0.9125104017346529 0.0 0.9 0
2 3.0836601503011893 0.08575327770871148 0.5475034473135563 0.6075690002249965 0.9 0
2 8.250975907970643 0.41569615060250154 0.6271138113209194 0.0 0.5 0
2 4.847862816910349 0.15901674172089242 0.6449326571780493 0.0 0.9 0
2 6.41636390888106 0.2719905399690194 0.643146843860609 0.0 0.5 0
1 10.786015905474544 0.2841163899705807 0.3558300068255959 0.0 0.9 0
11 15.60629747107958 1.0 0.8274341078222022 0.0 0.9 1
10 6 0.1747605097760126 0.5242914785972314 0.8425793256589295 1 1
12 5.514174999692905 0.26613930767938865 0.9225596425452178 0.0 0.9 0
13 2.5512711938512616 0.09957935332912383 1.0 0.0 1 0
15 5.441831228926221 0.3242900359655385 0.8502000333892804 0.0 0.65 0
3 8.668012987062621 0.14656797730112542 0.21418238591493874 0.9366772692372017 0.5 0
2 9.363101915805476 0.10726120068550347 0.1348054576694391 0.9503476254348341 0.5 0
8 4.601218737849822 0.12844441036556759 0.6144823092282498 0.0 0.9 0
9 3.0719755910444055 0.08461870683147403 0.6734841121521439 0.0 0.9 0
8 2.8647407361175072 0.0695344529096254 0.6363707021247421 0.0 0.9 0
18 5.348989043587626 1.0 1.0 0.805056263615725 1 1
9 5.48961569808291 0.5255047472978295 0.49013109995696713 0.81378372841971 1 0
2 6.5442251157725 0.1653014416580891 0.12527394383326354 0.81378372841971 0.9 0
4 7.5206567225348255 0.42363858345426997 0.2584493785234921 0.0 0.9 1
5 6.038877237155028 0.35259722169889934 0.2855458479414765 0.0 0.9 0
4 10.461714204473585 0.6436721690336688 0.23706584456544041 0.0 0.15 0
4 5.751002761144937 0.2558824592130328 0.07378539636051097 0.0 1 0
1 6 0.0464096265081309 0.046516262601615614 0.8425793256589295 0.15 0
3 3.3019893830465077 0.08145619685301665 0.1803175052349401 0.0 0.9 0
2 3.753359614665956 0.06361722731295867 0.14015983586892478 0.0 0.9 0
10 5.711800210381584 0.40037128268280636 1.0 0.8268591564881529 0.9 1
8 12.744096590150113 1.0 0.7633888553751333 0.0 0.5 0
6 7.450361133107187 0.3970512829917929 0.5596003802069607 0.9035205195646168 1 1
9 4.525709976826601 0.23710849650108784 0.8860970273181007 0.7463340044818012 0.9 1
5 6.2782629562867545 0.24170867988416225 0.4478586608569128 0.8565081819454483 1 0
5 5.542201563030348 0.18867501063649486 0.4759569178624979 0.8169562114274423 0.5 0
3 6 0.08832812286798819 0.2734011060055411 0.8425793256589295 0.5 0
5 2.786503771954623 0.0710117071166878 0.5274688184102581 0.0 0.9 0
3 7.4513662304708586 0.19856938278002492 0.30714183085244107 0.0 0.9 0
2 3.8656111310599788 0.041951826273914056 0 0.688874175589564 0.9 0
10 8.875876207380358 0.6721244180520423 0.8886467300309329 0.9411083697883803 0.9 0
11 11.704324801504935 0.9999999999999999 0.9873655526788717 0.0 0.9 1
11 3.7831227489212877 0.17778494405845627 0.9999999999999999 0.0 0.9 1
5 13.73449529417799 0.534158720230302 0.48250739431980705 0.0 0.65 0
4 3.874385081611429 0.06671424613086509 0.3631969388491128 0.6897031258071704 0.9 0
1 11.704324801504935 0.0909090909090909 0.07005475298218503 0.9783187953255363 0.65 0
2 5.445361563537252 0.05781956105030178 0.10509886575732635 0.8110757532872421 0.9 0
2 7.709186889366283 0.11076300834205677 0 0.9117252503658902 0.5 0
1 6.252982930152291 0.03801665947982446 0.08852205118743177 0.8552912480936159 0.5 0
3 6.391765894484929 0.11910229371750643 0.2972417142365161 0.0 0.9 0
13 2.5512711938512616 0.7222585207017488 0.9999999999999999 0.0 1 1
3 7.628843913593975 0.88770923155558 0.2794438437765496 0.9092522964425958 0.15 0
3 8.27490978003383 1.0 0.23125376594384334 0.0 0.35 0
7 3.7991327291898624 0.6178191270023536 0.4855325791311142 0.0 0.9 1
3 4.4437596139772575 0.33069256225361143 0.28901975150366027 0.7397272394959864 0.9 0
2 7.720780138135187 0.6029238390472478 0.15073095976181194 0.9120767407994177 0.15 0
2 6.564139092343633 0.4541303797063451 0.1660105869753434 0.8696264419809798 0.5 0
2 7.339490567371427 0.5558373974679173 0.0648381735537215 0.8997886631188705 0.35 0
3 5.0499900632061285 0.40931528023862235 0.10232882005965559 0.7852801402777562 0.7 0
2 3.841112469028945 0.1790920102795943 0.17342997784269043 0.6865500119764981 1 0
11 5.223954953207237 1.0 0.9000362293315761 0.7969919517323448 0.9 1
12 3.588755619821105 0.6167448939460686 0.9999999999999999 0.6617811236549436 0.9 1
7 5.4940087289451185 0.7002821692133278 0.6643327663087586 0.0 0.9 1
9 3.8803798058515175 0.5116460161089147 0.12791150402722867 0.6902684613137027 0.7 0
1 5.998725795922336 0.11903730118081587 0.10622474331127724 0.8425127855685409 0.9 0
1 11.511952908857479 0.3040393550985753 0.1308559980943534 0.6617811236549436 0.5 0
3 7.375187630751427 0.5264552603910198 0.13161381509775494 0.0 0.5 0
4 3.218005357299643 0.1802530493319637 0.4044530563992497 0.0 0.9 0
4 3.0836601503011893 0.17159300029344077 0.37243066731488067 0.0 0.9 0
3 5.470349900591893 0.29762653970543623 0.31368197200662323 0.0 0.5 0
30 5.239956793326558 0.9999999999999999 1.0 0.7980402981064547 0.5 0
27 3.624669222596664 0.5122913688527848 0.8303221123377224 0.0 0.9 1
7 10.754267207159963 0.7232292669282684 0.20820276099613738 0.0 0.9 0
13 5.691622729152888 0.5081197397355055 0.12702993493387638 0.8257069022009991 0.5 0
10 6.865640779538213 0.5643326164829178 0.3189285789463934 0.0 1 1
11 6.100827826016567 0.4937759988067769 0.3876018224802319 0.0 0.9 0
7 8.198979760610163 0.5261061217157856 0.23417585774559513 0.0 1 1
5 6.80369979895562 0.2774752841956678 0.11400531654709606 0.8257069022009991 0.5 0
5 8.684146311813711 0.4055526996619341 0.1809470615737918 0.0 1 0
8 6.196041233908492 0.37037406825235736 0.28093735856957086 0.0 0.9 0
12 7.7023318370474145 1.0 0.6730995472603125 0.9115167850157442 0.5 0
18 3.791310071244854 0.4395937108477691 0.9999999999999999 0.6817817547901792 0.9 1
12 6.311799791096674 0.700258216873918 0.1750645542184795 0.8581080111969723 0 0
5 5.39804951455692 0.21418812131665124 0.26657717154039223 0.8081416986450927 0.9 0
1 7.370936827326232 0.07766080587229686 0.0857245787729058 0.8581080111969723 0.9 0
1 7.134834131369517 0.07346687718313563 0 0.8925383579030896 1 0
7 5.402705326093114 0.30035814793711996 0.3798923848953755 0.0 0.9 0
9 3.2887885547297038 0.18430388412786886 0.4918531439961204 0.0 0.5 0
4 5.470389530449033 0.17578998387061356 0.24831305293503567 0.0 0.9 0
2 10.689972856454565 0.24949280473222407 0.12008649282142174 0.0 0.9 0
22 6.41122303277383 1.0 1.0 0.8627544999426613 1 1
6 5.660325306937297 0.2128940043751604 0.22520026949372488 0.8239059068019383 0.9 0
2 9.825553955287251 0.17214710893629762 0.0921638947224589 0.9578017751236171 1 1
6 3.366388776018944 0.09541666949364122 0.10350689316197687 0.6386852201035066 0.9 0
4 2.786503771954623 0.05125487501595457 0.18700523843468309 0.5727263874273377 0.9 0
6 6.158476811689135 0.2518583088072683 0.2647071844598406 0.0 0.9 1
1 3.959243291916882 0.019544509709542208 0.05802434500268892 0.6386852201035066 0.9 0
3 6 0.07969191070412787 0.113028163448785 0.9874892640339105 0.15 0
4 6.839435649409778 0.2057066133644579 0.19800465991444335 0.0 0.9 0
3 7.322929679324413 0.1740686252963356 0 0.8992196222895706 0 0
6 6.633579971682441 0.8569878099738221 0.8245578132192132 0.0 0.9 0
7 2.739793262232421 0.2590014348007687 0.9999999999999999 0.567049210396 0.9 1
4 6.186101442116123 0.49833346554432895 0.5525820516198734 0.567049210396 0.9 0
5 8.115209877544704 1.0 0.25 0.0 0.5 0
6 6.640835142563613 0.8587768789317757 0.21469421973294392 0.0 0.7 0
4 7.3384634777959645 0.6851476319070736 0.5432418634824461 0.0 0.5 0
4 6.391069065030622 0.5315411254578872 0.5418465100123229 0.0 0.9 0
3 7.774283290574111 0.5634386537977888 0.4547342354431056 0.0 0.9 0
2 5.7668152485193644 0.21659317834549482 0.31005440991678107 0.8299658817748293 0.9 0
2 7.197135023877048 0.33143554482612814 0.33425724487005415 0.567049210396 0.9 0
14 10.245005305370155 1.0 1.0 0.9636084288937364 0.9 1
9 10.615864884300844 0.6675825299287781 0.5768802824723482 0.968084095795466 0.9 1
5 6.989168451050743 0.2121196758229801 0.3166361471103912 0.8870793933293099 0.9 1
6 7.530559325504663 0.2890396972542472 0.40344654008112396 0.0 0.9 0
5 10.01717790474352 0.3485761119727293 0.3501488649945865 0.0 0.5 0
1 3.0425451365360994 0.011209381682639725 0.07018570849946637 0.6028791919172989 0.9 0
1 5.749141856627941 0.029017128371563193 0.07743689268512241 0.8289734099358821 0.5 0
3 7.1285730235737095 0.13181140452963636 0.23520565756404135 0.0 0.9 0
4 8.535998262912162 0.2309519476515055 0.30698967858827575 0.0 0.5 0
3 7.899909503691521 0.15558475284995005 0.2225563410696362 0.0 0.65 0
9 7.296989828588572 1.0 0.562394216137772 0.0 0.9 1
7 5.466927847781054 0.4470895260467453 0.9441124756435693 0.0 0.9 0
7 5.125284049350394 0.39603898677121324 1.0 0.0 0.9 1
7 3.9426228190907464 0.26205639932360253 0.9304515670041209 0.0 0.9 0
3 8.381544065311608 0.4107736493171784 0.47445240312418996 0.0 0.9 1
4 7.647545757370997 0.4796841987617766 0.5366035069974379 0.0 0.5 0
2 6.507391579549703 0.18028965208307735 0 0.8671144198372528 0.9 0
4 7.05557279645455 0.41927326613125826 0.5473923647227207 0.0 0.5 0
3 6.764270941580769 0.29116311178867904 0.44368375296240603 0.0 0.9 0
1 5.093710329509303 0.05594545580821828 0.12012913087178449 0.7882782626423498 0.9 0
5 10.318030440385044 1.0 0.5964520178814475 0.9645359195960995 1 1
8 6.4995414153599675 0.8229737237418847 1.0 0.0 1 0
6 5.568759910423196 0.45434727417101145 0.6546154556178696 0.8185399259427961 1 1
6 5.081333298424678 0.38227681836548605 0.6774625236005728 0.7874332714492965 0.9 1
5 4.765609329441222 0.28486528917309434 0.5909326948328868 0.7648545623278231 0.9 0
2 6.593006581301965 0.21149400638487256 0.2694482719564054 0.7874332714492965 0.9 0
1 6.475108537408835 0.10212117869319726 0.14702722961748324 0.8320162367381808 0.9 0
4 5.268546815333466 0.27239199317543866 0.4850293722667728 0.0 0.9 0
2 8.373564334901966 0.3128452772789264 0.27925077612515986 0.0 1 0
1 9.139375444043399 0.17462472638617105 0.15674409230224615 0.7874332714492965 0.5 0
6 5.6718928159087305 0.9188161850737739 0.7250280858380368 0.7830819405458385 0.9 0
8 5.097483533372936 1.0 1.0 0.0 0.9 0
5 5.8278347377312985 0.8080058138839132 0.5752135198578293 0.8333524651215868 1 1
5 5.018274714832071 0.6076556925889853 0.6172809978844016 0.7830819405458385 1 1
6 4.400257285545568 0.5868635286207601 0.7384586234728373 0.0 0.9 0
2 11.187456863282982 0.8492622490926759 0.2858831540102237 0.0 0.9 0
2 9.534405674858984 0.7155040415735292 0.2740485510936894 0.8333524651215868 0.15 0
7 3.3044511168275745 0.46804291685744287 0.8102641275029502 0.6320371756121537 0 0
2 5.615096704565696 0.3002651484915305 0.26976267738861254 0.8212735418917412 0.9 0
2 9.346716007014658 0.6994075949005695 0.27436280770932614 0.0 0.9 0
8 6.809731635082702 1.0 1.0 0.0 0.9 1
3 10.15525901751388 0.6559078194243528 0.3728238790249147 0.9624359098288661 0.9 0
4 5.928487928887324 0.3812908125663902 0.4579326666714625 0.0 0.9 0
2 9.702298949752874 0.4159506272483884 0.29902020148155706 0.0 0.9 0
1 15.200832362971417 0.329793182994116 0.0972725582669414 0.9937941335173909 0 0
4 4.198954768684417 0.20803121281474135 0.5050242264539212 0.0 0.9 1
3 5.557454950684081 0.25161273564851777 0.3592860078363573 0.0 0.9 0
1 12.715925713183415 0.2757283234003009 0 0.9848865694201804 0 0
1 5.696281276580752 0.08803703967670168 0.12514667915437416 0.8259735472813154 0.5 0
2 8.251615294181684 0.3410218834855903 0.27852828867768836 0.0 0.5 0
